243
111
129
65
81
72
51
60
48
58
75
44
61
69
58
54
83
93
97
68
107
51
57
51
64
95
80
70
54
58
44
55
64
94
109
77
60
66
78
62
248
64
250
69
96
186
68
100
105
219
110
83
88
251
92
230
219
116
163
88
181
216
162
169
165
163
176
186
628
168
191
209
296
236
441
302
301
279
407
84
526
389
435
363
325
524
626
145
27
39
188
55
43
140
62
133
89
160
51
128
84
59
178
43
56
39
73
91
105
53
30
29
26
42
28
44
39
29
37
39
30
31
32
193
41
27
47
35
42
26
38
33
52
43
28
39
42
38
37
28
55
47
45
50
47
43
46
41
38
38
39
38
51
43
66
64
53
49
53
39
46
60
62
68
69
82
62
89
72
63
75
41
97
58
136
104
105
271
111
68
93
170
68
108
163
129
199
75
292
157
125
57
59
66
69
61
90
91
141
246
392
29
77
45
102
41
98
32
74
52
127
41
41
109
65
38
286
42
35
34
70
80
39
76
44
47
252
54
53
61
106
64
112
49
138
203
47
40
69
30
107
51
41
46